0.8706   -0.7560
    0.3308    0.1212
   -1.3479   -1.4958
    1.5479   -1.6462
   -0.6166    0.1929
   -0.6986   -1.2898
   -1.4236   -0.3998
   -0.1096    0.7754
   -0.1027    0.9221
   -0.3227    1.5445
   -0.8396   -1.0096
   -1.6606    0.8567
    3.0125    0.3253
    1.5008    1.2524
   -0.3590    0.2202
   -0.1149    0.8152
    0.3589    1.1394
   -0.0121   -0.4117
   -0.5704   -0.4611
    0.9340   -1.3290
   -1.1383   -0.0875
    1.9572    0.3554
   -1.7632   -0.7431
   -0.3233    0.0720
    0.8726   -0.3564
    0.1179   -0.4317
   -1.5031    0.7793
    0.9218    0.8163
    0.1632    1.1483
   -0.8147   -1.0850
    0.4037   -0.1361
    0.7562    0.6551
    2.1844   -1.2935
   -0.0938    1.9267
   -0.2942    0.2333
   -0.5048   -0.5450
   -1.9270    1.0328
    0.5214    0.3771
   -2.0544    0.1093
   -0.2698   -0.6802
   -0.2750   -1.7654
    0.8451   -0.9636
   -2.7712   -0.6456
    0.9181    0.4525
   -0.5193    0.6145
   -1.2930   -0.7853
   -0.0087    0.8282
    0.2334    0.6674
   -0.4242   -0.1255
   -1.4694   -0.9512
    1.2064    0.8920
    0.1973   -0.1297
   -0.7069   -1.0135
    1.2164    0.2523
    0.3672    0.5236
   -1.2675   -1.4616
    0.6211    1.8664
   -1.7955   -2.1491
   -1.0578   -1.6352
    0.1515    1.2240
    0.4113    0.3252
    0.0705   -0.4289
   -1.9330    0.0116
    0.8187    0.7313
    1.2618   -0.8680
    1.1673    0.9282
   -0.5703    0.6973
   -0.3939   -0.0452
   -1.0174    0.1912
    0.2502   -0.6288
    0.2521   -0.8566
   -0.7715   -0.3887
    0.9195    1.0285
    0.8522   -0.2397
    0.6571   -0.4516
   -0.7535   -0.9793
   -1.3385   -1.1334
    0.6522    0.0221
    1.4472    1.0402
   -1.2901    1.2315
   -2.2082    0.5602
    1.4361   -0.3090
   -0.0617   -0.3676
    1.1778    0.3656
    0.9855    0.9374
   -1.2186    0.9742
   -0.4319   -2.1189
   -0.8349   -0.0465
    0.1797   -0.9668
    1.1663   -0.4712
    0.0560    1.7352
   -2.1000   -0.7775
    1.2353   -1.6838
    0.0027    0.1770
   -0.4595   -0.1245
   -2.1032   -0.4156
    0.3739    0.8795
    0.2452    0.5661
    0.3386    0.3759
   -1.0781   -0.2770
   -0.7302    0.3501
   -0.9163   -0.2913
    1.7876    0.1861
   -0.8204    0.5766
   -0.1967    0.3397
   -0.8901   -0.6728
    0.9107   -0.5370
   -0.0123   -1.0402
    0.0728    0.9973
    0.9394   -0.0261
    0.6752   -0.6570
    0.7860    0.6777
   -2.1327   -0.5108
    0.2199    0.4460
    0.9663    1.5166
    0.3500    0.9378
    0.9018   -0.1602
    2.1212   -0.1138
    1.2486    1.9371
   -1.1232   -0.1708
   -0.8301    0.3012
   -0.1218    0.3260
   -0.6426    0.9248
   -0.0789    0.2153
    1.2281    0.3662
   -0.5314    0.3222
   -0.2861    2.6890
   -0.2276    0.8761
    0.6745   -0.8765
    1.0368   -1.2174
   -0.1495   -1.6148
   -0.3171    1.8401
    0.9336   -0.8189
    0.7233    0.9921
    0.4882    0.5338
    3.2662   -1.5267
    0.0317    2.0229
    0.3413    0.5523
   -0.0835    1.8201
    0.6164    0.3426
   -0.5250    0.1796
    1.0077   -1.0193
    1.8291    0.0376
    0.0853    0.1371
   -0.0683   -1.5211
   -0.5635   -0.0189
   -0.4736    0.1632
   -1.7035   -0.7212
   -0.0537    0.4106
   -0.8813   -1.2126
    1.2559   -0.5737
    0.1558    0.1054
    0.0549   -0.6051
    1.3986    0.4218
   -1.7756   -0.3628
    0.3297   -0.8741
   -1.0579    0.9316
   -0.6434    0.6000
    0.2584    0.5714
    0.8917    0.6851
   -0.8366    1.0094
    0.5531    0.9909
    1.4584    0.0337
   -0.8551   -0.4503
   -0.9921   -0.1107
   -0.0117    1.2379
    0.6269   -1.1979
    0.0015   -0.5644
   -0.8163    1.0433
    0.1151    0.8460
    0.2071   -0.4955
   -0.4446   -0.2068
   -1.1205   -0.1558
    0.4354   -0.2754
    0.0171   -2.4432
   -0.3630   -0.4273
   -0.6312    0.3091
   -0.5003    2.4516
   -0.8672   -1.4626
   -1.0401   -0.6355
    1.2654   -0.3855
   -0.2415   -0.9423
   -1.7290   -0.6738
   -0.4882   -1.9242
    1.0604   -0.1124
   -0.5382   -0.5185
    1.7773    0.5350
   -0.7795    0.0574
   -0.7530    1.0658
   -1.0331    1.6207
    1.1638    0.1219
   -0.5801   -1.2380
    0.4173    0.2441
   -1.6481    1.3983
   -0.5727   -0.0955
    0.6592    0.3876
   -1.2804   -0.9663
    0.0501    1.5092
    0.5484    0.4038
    1.7784   -0.4221
    0.6411   -1.6740
    0.9467   -0.6876
   -0.3543   -1.0272
   -0.5788   -0.4926
    0.0565    0.3468
   -0.8933    0.8294
    1.1221    0.1556
    0.7758    0.0837
    0.9625    0.3746
    1.2608    2.6532
   -0.1079    0.3327
   -0.5772    0.1408
    0.5256    1.5778
    1.1520    0.0895
    0.8584   -0.6730
    0.9456    0.9319
    1.5061   -0.3579
    0.2953    0.2021
    1.2041    0.8763
   -0.0118    0.8079
    0.7895   -1.6033
   -1.4036   -2.3621
    1.5421   -0.7017
   -1.7749    1.6519
    0.2057    0.2351
   -0.3462   -0.1518
   -1.1590   -0.1559
    0.3358    1.0382
    0.3322    0.3305
    1.4112    0.4758
    0.1369   -2.0905
    0.5776   -0.1740
    0.2431    0.0192
    1.4677   -0.8600
    1.1306   -0.0229
    0.0107   -0.6023
    0.1243    0.8699
    1.7794   -0.5708
   -0.2395    1.3047
    0.8580   -0.0426
   -0.8784    0.8955
   -0.7619    2.2849
    0.8628    0.0668
    0.6483    1.4946
    1.0581   -1.0725
   -0.6332    1.8233
    1.0180   -1.2084
    0.1719   -0.0654
   -0.0475   -0.3268
    1.6891   -1.1492
    1.4370   -1.3080
   -2.2511    0.6464
    0.3565   -1.3892
   -0.8502   -1.3407
   -0.2996    1.1289
   -0.6342    0.0017
    1.6245    0.3797
    1.2411   -0.9013
    0.5553   -0.1968
    0.7034    0.3069
    0.4582    0.1675
    0.6840    1.7881
    0.2513   -0.6241
   -0.1785   -0.1500
    0.5077    0.8322
   -0.3099    0.9481
   -0.3944   -1.9737
   -0.2697   -0.3919
   -0.0881   -0.6767
    0.0080   -0.0160
    2.5318    0.5152
   -1.2232    0.4448
   -1.0718    1.1409
    0.2461    0.4477
   -0.0506    0.3154
   -0.7302    0.9456
    0.3270    0.4287
    0.7530   -1.3246
   -1.1537    0.1098
   -0.4079   -1.6547
   -1.2879    1.1107
    0.0836   -2.1079
    0.1638   -0.5498
    0.6826    0.0943
   -1.0864   -0.0382
    0.2975    1.8829
   -0.1433    0.0555
    1.3920   -0.6139
    0.3067    0.5870
   -0.5372   -1.2067
   -0.2289    0.5453
   -0.5362    0.2509
    1.4390   -0.3927
   -0.5111   -0.6220
   -1.6068   -1.1905
   -0.2012   -1.8785
    1.1435   -0.4240
    0.6633    0.7772
    0.1641   -0.7139
    1.7854    1.5846
   -0.5877   -0.8883
    0.2590    2.1408
   -0.8718   -0.6922
   -0.7879    0.0993
   -0.3443    1.4350
    0.6476    1.2334
    2.0541   -0.7576
    0.7989    0.7386
   -1.0711   -1.1144
   -0.2052   -1.7059
   -0.5544    0.6612
   -0.2929   -1.7296
    1.1802   -2.1381
    0.3774   -0.0600
    0.9916    1.3857
    0.6035    1.2178
   -0.7929   -1.4951
    0.9308    0.0373
   -1.3504    0.8029
    0.7998    0.9739
    0.5996    1.5607
    1.1004    1.5862
   -1.4197    0.8563
   -0.2036   -1.4245
    0.0179    0.0397
    0.1004   -1.3799
    0.8764    1.2331
    0.7007    1.7421
    0.6520   -2.0015
    0.1785    0.8355
    1.6760   -0.3428
   -0.3251   -0.4780
    0.1011   -0.8891
   -0.5767    1.2634
   -0.0615    0.3832
    0.7256   -0.1189
   -1.2273    0.4172
    0.1909    1.0132
   -0.7348   -0.8695
    0.7884   -0.7947
   -1.9654    0.6885
   -1.9555    1.5857
    1.6243    1.2502
   -0.1494   -0.1156
   -1.9683   -1.3318
   -1.6861   -2.3428
   -0.0869   -0.9266
    0.3074    1.1296
    0.3375   -0.5491
    1.0670    0.2837
    0.3329    0.2128
   -0.0735   -2.2028
    1.0478    1.2511
    2.0589    2.0247
    0.0267   -0.0389
   -0.2405    0.9986
    1.0385   -0.7573
   -0.5072    0.5961
   -1.4831    2.1232
   -0.1065    1.3117
    0.2453   -0.6999
    0.1458   -1.0196
   -1.1181    0.0531
   -0.5969   -0.2370
   -0.6795   -0.0627
    0.9551    1.2711
   -0.1308    0.2211
    0.6494    1.6640
    0.5985   -0.0430
   -0.1925   -0.1332
   -1.9808    0.7932
    0.3629    0.4263
    0.7039   -0.2099
   -0.7526   -1.5882
   -0.0169   -1.1164
   -0.4417    0.6169
    1.7013    0.5435
   -0.0306   -1.4679
    0.2039    0.1199
   -1.0478    0.5294
   -0.7354   -1.1752
   -1.3566   -0.9982
    0.7286    1.1940
    0.6072   -1.7537
   -0.8283    0.4465
    2.8876    0.9781
    0.9191   -1.7913
    0.4058   -0.1302
    1.9162   -1.1752
   -2.4557    0.0900
   -0.0911   -0.4222
   -0.0247   -1.6509
    0.1999    0.6180
   -1.0383    0.5962
    0.5294   -0.6184
   -2.2171    0.5279
    0.1074   -1.3443
    0.4389   -1.2348
   -0.0410   -1.1534
    0.3643   -0.1093
   -0.7637   -0.5242
    0.5495    1.9113
   -0.3746   -0.0711
   -1.6592    0.5618
   -0.3102    0.5741
   -0.6199    0.3717
   -1.0246    0.1917
    0.5050    1.2441
    0.0405   -1.1642
   -0.2547    1.6353
   -0.5477    0.6863
    1.6766   -1.1495
    1.1730    1.1102
   -0.1891    1.1826
    0.0866    1.7073
    1.5126   -0.4203
    1.7933    1.6394
    1.1026    0.2635
   -0.3258   -1.4635
   -0.5828   -0.7762
    0.7516    0.9295
   -0.8637    1.7930
   -1.0709   -1.1832
   -0.3552   -0.1112
    0.9559   -0.6568
    0.1593    1.8797
    0.2449   -0.8961
    1.1247    1.3315
    0.2346   -0.6246
   -1.1386    0.7767
    0.8421   -1.3243
    0.4763    1.5003
   -0.0884   -2.2029
   -0.4130    0.3225
   -0.5446    0.4210
   -0.0240   -0.8207
   -0.8005   -0.9665
   -0.5122    0.6093
   -1.4867   -1.0362
   -0.5186   -0.0282
   -0.6932   -2.8198
    0.5777   -2.0810
    1.4550   -0.0448
    1.0355    1.1180
    1.0468   -1.6495
    0.6762    0.6787
    0.5466    0.4943
    0.7500   -0.5885
   -0.7298   -0.0239
    0.8332    2.1913
   -1.1986   -1.4006
    0.6188    0.4801
   -0.8324    0.2076
   -0.9705    0.3221
   -0.4535   -0.0059
   -1.3027    0.2814
    0.0160   -0.2513
    1.1107   -1.6935
   -0.2494   -0.5840
    0.4957    0.2344
    0.1620    0.2588
    1.2118    0.6037
   -0.1583    2.2210
    0.2930   -1.6541
    2.4677    0.6804
    1.1462    0.1358
   -0.9338   -0.0380
    1.1198   -0.6931
   -0.9242   -0.1275
    0.0099    0.6804
    0.2894    0.4262
    0.8700   -1.6057
   -0.3973    0.9062
    0.5379    0.2495
    1.7697    1.8942
   -1.9055   -1.1124
   -1.0767   -0.7220
    1.1949   -1.7522
   -0.2939    0.0036
   -0.0382    0.9951
    0.9239   -0.4790
    2.2231   -0.5191
   -1.3019   -0.2947
   -0.9090   -0.1605
   -0.0775    1.0235
    0.0005    0.0159
    0.1069   -0.4827
   -0.3125    0.6347
    1.2196   -1.3644
   -0.9096    0.5986
    0.2040   -0.2065
    0.9897    2.1394
    0.3752   -0.6488
   -0.6221    0.4236
    0.1206    0.1179
   -0.3174   -1.0808
   -0.5997    0.8755
    1.3532   -2.2263
   -0.1977   -1.9461
   -0.5780   -1.3096