1.7412   -0.2634
    0.6615    0.5126
   -2.6958   -3.5917
    3.0957   -0.9214
   -1.2333   -0.3273
   -1.3971   -2.6332
   -2.8472   -2.0234
   -0.2193    1.0535
   -0.2054    1.2805
   -0.6454    1.9941
   -1.6792   -2.3539
   -3.3211   -0.3755
    6.0250    3.5004
    3.0017    3.3795
   -0.7180   -0.0288
   -0.2298    1.1079
    0.7178    2.0680
   -0.0243   -0.6297
   -1.1407   -1.2620
    1.8681   -1.0595
   -2.2766   -1.2696
    3.9145    2.4904
   -3.5265   -2.8779
   -0.6467   -0.2153
    1.7452    0.3380
    0.2358   -0.5296
   -3.0061   -0.3341
    1.8437    2.1463
    0.3265    1.8857
   -1.6293   -2.4421
    0.8074    0.1995
    1.5123    1.7388
    4.3689    0.2442
   -0.1876    2.7963
   -0.5884    0.0557
   -1.0096   -1.3223
   -3.8540   -0.3778
    1.0428    1.0871
   -4.1088   -1.8905
   -0.5397   -1.2901
   -0.5501   -2.9231
    1.6903   -0.6002
   -5.5424   -3.7396
    1.8361    1.5969
   -1.0385    0.4025
   -2.5860   -2.4710
   -0.0174    1.2335
    0.4667    1.2345
   -0.8484   -0.6124
   -2.9389   -2.8963
    2.4128    2.5445
    0.3947    0.0028
   -1.4138   -2.2271
    2.4327    1.5948
    0.7343    1.1525
   -2.5350   -3.4600
    1.2421    3.4207
   -3.5909   -5.0190
   -2.1157   -3.5107
    0.3031    1.9876
    0.8225    0.8990
    0.1410   -0.5729
   -3.8661   -1.9156
    1.6374    1.9157
    2.5235   -0.0403
    2.3347    2.5596
   -1.1407    0.4756
   -0.7878   -0.4616
   -2.0349   -0.7306
    0.5004   -0.6929
    0.5042   -1.0328
   -1.5430   -1.3545
    1.8391    2.4623
    1.7043    0.4926
    1.3143   -0.0203
   -1.5069   -2.2224
   -2.6770   -3.0387
    1.3045    0.6854
    2.8944    3.0076
   -2.5803    0.5571
   -4.4164   -1.3679
    2.8722    0.9726
   -0.1233   -0.6131
    2.3556    1.7263
    1.9710    2.3917
   -2.4372    0.2428
   -0.8638   -3.6103
   -1.6699   -0.9046
    0.3594   -1.2705
    2.3326    0.4594
    0.1120    2.6588
   -4.2001   -3.2663
    2.4706   -1.2904
    0.0053    0.2682
   -0.9191   -0.6463
   -4.2064   -2.7265
    0.7478    1.6931
    0.4904    1.0944
    0.6772    0.9025
   -2.1561   -1.4935
   -1.4603   -0.2050
   -1.8327   -1.3533
    3.5751    2.0667
   -1.6408    0.0445
   -0.3934    0.3128
   -1.7803   -1.8994
    1.8215    0.1052
   -0.0245   -1.5725
    0.1456    1.5687
    1.8788    0.9003
    1.3505   -0.3103
    1.5719    1.8026
   -4.2655   -2.8990
    0.4399    0.8889
    1.9326    3.2412
    0.7000    1.7566
    1.8036    0.6616
    4.2424    1.9504
    2.4972    4.1543
   -2.2464   -1.3794
   -1.6602   -0.3783
   -0.2436    0.3672
   -1.2852    0.7447
   -0.1579    0.2440
    2.4562    1.7775
   -1.0627   -0.0481
   -0.5722    3.7474
   -0.4552    1.0865
    1.3490   -0.6402
    2.0737   -0.7893
   -0.2989   -2.5717
   -0.6342    2.4430
    1.8672   -0.2948
    1.4466    2.2115
    0.9764    1.2889
    6.5324    0.9761
    0.0634    3.0660
    0.6825    1.1697
   -0.1671    2.6467
    1.2328    1.1304
   -1.0500   -0.2557
    2.0154   -0.5213
    3.6582    1.8855
    0.1706    0.2910
   -0.1366   -2.3499
   -1.1269   -0.5918
   -0.9471   -0.2287
   -3.4071   -2.7853
   -0.1074    0.5622
   -1.7627   -2.7003
    2.5118    0.3953
    0.3117    0.3139
    0.1099   -0.8527
    2.7971    2.0312
   -3.5513   -2.3199
    0.6593   -0.9815
   -2.1158    0.3395
   -1.2867    0.2567
    0.5169    1.1155
    1.7834    1.9194
   -1.6732    0.6775
    1.1063    2.0395
    2.9168    1.5089
   -1.7102   -1.5305
   -1.9842   -1.1581
   -0.0234    1.8451
    1.2538   -1.1699
    0.0030   -0.8451
   -1.6327    0.7486
    0.2303    1.3842
    0.4141   -0.5362
   -0.8891   -0.7548
   -2.2410   -1.3542
    0.8707    0.0223
    0.0342   -3.6478
   -0.7260   -1.0040
   -1.2625   -0.1676
   -1.0006    3.1770
   -1.7344   -3.0611
   -2.0802   -1.9934
    2.5309    0.6872
   -0.4829   -1.6549
   -3.4581   -2.7397
   -0.9765   -3.3746
    2.1208    0.8918
   -1.0763   -1.3159
    3.5547    2.5798
   -1.5590   -0.6934
   -1.5059    0.8458
   -2.0663    1.3980
    2.3277    1.3466
   -1.1602   -2.4372
    0.8346    0.7835
   -3.2963    0.4493
   -1.1454   -0.7159
    1.3185    1.2407
   -2.5608   -2.7299
    0.1002    2.3139
    1.0968    1.1541
    3.5569    1.1452
    1.2822   -1.8699
    1.8934   -0.0847
   -0.7085   -1.8950
   -1.1576   -1.3177
    0.1129    0.5767
   -1.7866    0.3507
    2.2442    1.3555
    1.5517    0.9014
    1.9250    1.5244
    2.5216    5.2406
   -0.2158    0.3912
   -1.1543   -0.3660
    1.0513    2.8924
    2.3039    1.2863
    1.7168   -0.1511
    1.8912    2.3434
    3.0123    0.9693
    0.5907    0.5985
    2.4082    2.5185
   -0.0237    1.2001
    1.5790   -1.6155
   -2.8072   -4.9467
    3.0842    0.4896
   -3.5498    0.7029
    0.4113    0.5583
   -0.6924   -0.5738
   -2.3180   -1.3928
    0.6717    1.8931
    0.6645    0.8280
    2.8224    2.1249
    0.2737   -2.9989
    1.1553    0.3166
    0.4862    0.2719
    2.9353    0.1776
    2.2611    1.0961
    0.0213   -0.8928
    0.2487    1.4292
    3.5589    0.9232
   -0.4789    1.7175
    1.7160    0.7940
   -1.7567    0.4649
   -1.5239    2.6653
    1.7256    0.9630
    1.2966    2.8902
    2.1162   -0.5506
   -1.2664    2.1018
    2.0360   -0.7947
    0.3439    0.0738
   -0.0949   -0.5377
    3.3783   -0.0346
    2.8741   -0.5250
   -4.5022   -1.2815
    0.7130   -1.7273
   -1.7005   -2.8613
   -0.5991    1.3938
   -1.2685   -0.6317
    3.2490    2.1940
    2.4821   -0.1109
    1.1106    0.2601
    1.4068    1.1638
    0.9163    0.7093
    1.3680    3.3661
    0.5026   -0.6848
   -0.3570   -0.4034
    1.0155    1.7560
   -0.6198    1.1122
   -0.7887   -3.3550
   -0.5395   -0.8576
   -0.1763   -1.1032
    0.0161   -0.0160
    5.0636    3.3046
   -2.4465   -0.5560
   -2.1435    0.6396
    0.4921    0.9176
   -0.1012    0.4225
   -1.4603    0.6882
    0.6540    0.9700
    1.5060   -1.2339
   -2.3074   -0.9890
   -0.8157   -2.8899
   -2.5758    0.3781
    0.1672   -3.0782
    0.3276   -0.6610
    1.3651    0.8240
   -2.1727   -1.1437
    0.5950    3.1219
   -0.2866   -0.0601
    2.7839    0.4711
    0.6135    1.1873
   -1.0744   -2.3472
   -0.4579    0.5891
   -1.0724   -0.1598
    2.8780    0.8499
   -1.0222   -1.4442
   -3.2137   -3.3926
   -0.4025   -3.0189
    2.2870    0.5075
    1.3266    1.8292
    0.3282   -0.9068
    3.5708    4.1624
   -1.1754   -1.9202
    0.5181    3.4703
   -1.7437   -1.9101
   -1.5758   -0.6390
   -0.6887    1.8081
    1.2952    2.4977
    4.1083    0.9177
    1.5979    1.9068
   -2.1422   -2.7426
   -0.4103   -2.7640
   -1.1089    0.4373
   -0.5859   -2.8874
    2.3605   -2.0269
    0.7548    0.2873
    1.9831    3.0701
    1.2069    2.4302
   -1.5858   -3.0355
    1.8616    0.9867
   -2.7008   -0.1461
    1.5996    2.2606
    1.1993    2.9407
    2.2009    3.4798
   -2.8395   -0.1353
   -0.4073   -2.3404
    0.0358    0.0775
    0.2007   -1.9695
    1.7527    2.7260
    1.4014    3.3138
    1.3040   -2.3502
    0.3571    1.4318
    3.3520    1.1618
   -0.6502   -1.0420
    0.2023   -1.2325
   -1.1534    1.3185
   -0.1231    0.5133
    1.4512    0.5473
   -2.4547   -0.6015
    0.3819    1.7108
   -1.4696   -2.0391
    1.5768   -0.4036
   -3.9308   -0.9326
   -3.9110    0.4230
    3.2486    3.4996
   -0.2988   -0.3228
   -3.9365   -3.9659
   -3.3723   -5.2003
   -0.1738   -1.4768
    0.6148    2.0017
    0.6751   -0.4861
    2.1340    1.4926
    0.6659    0.6521
   -0.1470   -3.3776
    2.0955    2.9244
    4.1177    5.0959
    0.0534   -0.0317
   -0.4810    1.2574
    2.0770   -0.0975
   -1.0145    0.3870
   -2.9662    1.7017
   -0.2130    1.8611
    0.4905   -0.8046
    0.2916   -1.3836
   -2.2362   -1.0384
   -1.1939   -0.9525
   -1.3590   -0.7736
    1.9101    2.8617
   -0.2616    0.2009
    1.2988    3.1454
    1.1970    0.5341
   -0.3850   -0.3924
   -3.9616   -0.7910
    0.7259    1.0023
    1.4079    0.3891
   -1.5052   -3.1348
   -0.0338   -1.6915
   -0.8833    0.4836
    3.4027    2.5165
   -0.0611   -2.2324
    0.4078    0.3838
   -2.0956   -0.2538
   -1.4707   -2.4982
   -2.7131   -2.8539
    1.4572    2.5196
    1.2144   -2.0234
   -1.6566   -0.1585
    5.7753    4.3547
    1.8383   -1.7678
    0.8116    0.2105
    3.8324    0.1533
   -4.9114   -2.3207
   -0.1821   -0.7243
   -0.0494   -2.5011
    0.3999    1.1269
   -2.0766   -0.1441
    1.0587   -0.3983
   -4.4342   -1.4253
    0.2148   -1.9091
    0.8778   -1.4132
   -0.0820   -1.7712
    0.7286    0.2003
   -1.5274   -1.5500
    1.0990    3.4165
   -0.7493   -0.4813
   -3.3183   -0.8164
   -0.6205    0.5509
   -1.2399   -0.0623
   -2.0492   -0.7371
    1.0100    2.3711
    0.0809   -1.7058
   -0.5095    2.1982
   -1.0955    0.4818
    3.3532   -0.0476
    2.3460    2.8382
   -0.3781    1.5848
    0.1731    2.6476
    3.0251    0.8821
    3.5865    4.2523
    2.2052    1.4978
   -0.6517   -2.5211
   -1.1656   -1.7471
    1.5032    2.1458
   -1.7275    1.8257
   -2.1418   -2.8456
   -0.7105   -0.5220
    1.9118   -0.0293
    0.3186    2.9789
    0.4899   -1.0992
    2.2495    3.1220
    0.4693   -0.7022
   -2.2771    0.0265
    1.6842   -1.1443
    0.9527    2.7268
   -0.1768   -3.3927
   -0.8261    0.0707
   -1.0892    0.0869
   -0.0480   -1.2551
   -1.6010   -2.2502
   -1.0244    0.4018
   -2.9734   -3.0410
   -1.0373   -0.5610
   -1.3865   -4.9229
    1.1553   -2.5439
    2.9099    1.3878
    2.0710    2.7124
    2.0936   -1.4274
    1.3524    1.6942
    1.0932    1.2881
    1.5000   -0.1327
   -1.4597   -0.7657
    1.6664    4.1202
   -2.3971   -3.2994
    1.2375    1.3389
   -1.6648   -0.5211
   -1.9410   -0.4874
   -0.9070   -0.4623
   -2.6054   -0.8806
    0.0319   -0.3610
    2.2213   -1.4295
   -0.4987   -1.1254
    0.9914    0.8474
    0.3241    0.5502
    2.4236    2.1173
   -0.3166    3.1731
    0.5859   -2.1882
    4.9354    3.4883
    2.2925    1.3500
   -1.8677   -0.9908
    2.2396    0.0801
   -1.8485   -1.1155
    0.0198    1.0304
    0.5787    0.9287
    1.7400   -1.5385
   -0.7945    0.9621
    1.0757    0.9121
    3.5395    4.6111
   -3.8110   -3.5741
   -2.1535   -2.1598
    2.3899   -1.4333
   -0.5879   -0.2885
   -0.0764    1.4545
    1.8479    0.2055
    4.4461    1.4444
   -2.6038   -1.7439
   -1.8180   -1.1498
   -0.1550    1.4578
    0.0010    0.0244
    0.2137   -0.6171
   -0.6249    0.6395
    2.4393   -0.8270
   -1.8191   -0.0116
    0.4080   -0.1058
    1.9795    4.1988
    0.7504   -0.5980
   -1.2443    0.0133
    0.2411    0.2974
   -0.6348   -1.9386
   -1.1994    0.7136
    2.7063   -1.9863
   -0.3953   -3.1168
   -1.1560   -2.5424